xof 0303txt 0032
template ColorRGBA {
 <35ff44e0-6c7c-11cf-8f52-0040333594a3>
 FLOAT red;
 FLOAT green;
 FLOAT blue;
 FLOAT alpha;
}

template ColorRGB {
 <d3e16e81-7835-11cf-8f52-0040333594a3>
 FLOAT red;
 FLOAT green;
 FLOAT blue;
}

template Material {
 <3d82ab4d-62da-11cf-ab39-0020af71e433>
 ColorRGBA faceColor;
 FLOAT power;
 ColorRGB specularColor;
 ColorRGB emissiveColor;
 [...]
}

template TextureFilename {
 <a42790e1-7810-11cf-8f52-0040333594a3>
 STRING filename;
}

template Frame {
 <3d82ab46-62da-11cf-ab39-0020af71e433>
 [...]
}

template Matrix4x4 {
 <f6f23f45-7686-11cf-8f52-0040333594a3>
 array FLOAT matrix[16];
}

template FrameTransformMatrix {
 <f6f23f41-7686-11cf-8f52-0040333594a3>
 Matrix4x4 frameMatrix;
}

template Vector {
 <3d82ab5e-62da-11cf-ab39-0020af71e433>
 FLOAT x;
 FLOAT y;
 FLOAT z;
}

template MeshFace {
 <3d82ab5f-62da-11cf-ab39-0020af71e433>
 DWORD nFaceVertexIndices;
 array DWORD faceVertexIndices[nFaceVertexIndices];
}

template Mesh {
 <3d82ab44-62da-11cf-ab39-0020af71e433>
 DWORD nVertices;
 array Vector vertices[nVertices];
 DWORD nFaces;
 array MeshFace faces[nFaces];
 [...]
}

template MeshNormals {
 <f6f23f43-7686-11cf-8f52-0040333594a3>
 DWORD nNormals;
 array Vector normals[nNormals];
 DWORD nFaceNormals;
 array MeshFace faceNormals[nFaceNormals];
}

template MeshMaterialList {
 <f6f23f42-7686-11cf-8f52-0040333594a3>
 DWORD nMaterials;
 DWORD nFaceIndexes;
 array DWORD faceIndexes[nFaceIndexes];
 [Material <3d82ab4d-62da-11cf-ab39-0020af71e433>]
}

template Coords2d {
 <f6f23f44-7686-11cf-8f52-0040333594a3>
 FLOAT u;
 FLOAT v;
}

template MeshTextureCoords {
 <f6f23f40-7686-11cf-8f52-0040333594a3>
 DWORD nTextureCoords;
 array Coords2d textureCoords[nTextureCoords];
}

template XSkinMeshHeader {
 <3cf169ce-ff7c-44ab-93c0-f78f62d172e2>
 WORD nMaxSkinWeightsPerVertex;
 WORD nMaxSkinWeightsPerFace;
 WORD nBones;
}

template SkinWeights {
 <6f0d123b-bad2-4167-a0d0-80224f25fabb>
 STRING transformNodeName;
 DWORD nWeights;
 array DWORD vertexIndices[nWeights];
 array FLOAT weights[nWeights];
 Matrix4x4 matrixOffset;
}

template AnimTicksPerSecond {
 <9e415a43-7ba6-4a73-8743-b73d47e88476>
 DWORD AnimTicksPerSecond;
}

template Animation {
 <3d82ab4f-62da-11cf-ab39-0020af71e433>
 [...]
}

template AnimationSet {
 <3d82ab50-62da-11cf-ab39-0020af71e433>
 [Animation <3d82ab4f-62da-11cf-ab39-0020af71e433>]
}

template FloatKeys {
 <10dd46a9-775b-11cf-8f52-0040333594a3>
 DWORD nValues;
 array FLOAT values[nValues];
}

template TimedFloatKeys {
 <f406b180-7b3b-11cf-8f52-0040333594a3>
 DWORD time;
 FloatKeys tfkeys;
}

template AnimationKey {
 <10dd46a8-775b-11cf-8f52-0040333594a3>
 DWORD keyType;
 DWORD nKeys;
 array TimedFloatKeys keys[nKeys];
}


Material Material__95 {
 1.000000;1.000000;1.000000;1.000000;;
 10.000000;
 0.000000;0.000000;0.000000;;
 0.000000;0.000000;0.000000;;

 TextureFilename {
  "Mechromancer_Arms_Dif.tga";
 }
}

Frame Root {
 

 FrameTransformMatrix {
  0.000000,0.000000,1.000000,0.000000,0.000000,1.000000,0.000000,0.000000,-1.000000,0.000000,0.000000,0.000000,0.000000,0.000000,0.010265,1.000000;;
 }

 Frame Spine3 {
  

  FrameTransformMatrix {
   -0.000044,1.000000,-0.000057,0.000000,-0.000008,0.000057,1.000000,0.000000,1.000000,0.000044,0.000008,0.000000,-0.035536,124.570176,0.010200,1.000000;;
  }

  Frame Neck {
   

   FrameTransformMatrix {
    1.000000,-0.000537,0.000628,0.000000,0.000051,0.798470,0.602035,0.000000,-0.000825,-0.602035,0.798470,0.000000,19.936509,-0.537913,0.713399,1.000000;;
   }

   Frame Head {
    

    FrameTransformMatrix {
     1.000000,0.000051,-0.000825,0.000000,-0.000537,0.798470,-0.602035,0.000000,0.000628,0.602035,0.798469,0.000000,9.507126,-0.000000,-0.000000,1.000000;;
    }
   }

   Frame Camera {
    

    FrameTransformMatrix {
     0.000583,0.602023,0.798478,0.000000,1.000000,0.000052,-0.000769,0.000000,-0.000504,0.798479,-0.602023,0.000000,22.112686,-16.679426,-26.580754,1.000000;;
    }
   }
  }

  Frame L_Clav {
   

   FrameTransformMatrix {
    -0.212015,0.426848,0.879119,0.000000,0.977266,0.092573,0.190737,0.000000,0.000033,0.899573,-0.436771,0.000000,15.871781,6.070239,0.559354,1.000000;;
   }

   Frame L_Upperarm {
    

    FrameTransformMatrix {
     0.439812,-0.603187,-0.665381,0.000000,0.886381,0.172296,0.429700,0.000000,-0.144547,-0.778768,0.610431,0.000000,15.954402,0.000000,-0.000000,1.000000;;
    }

    Frame L_Forearm {
     

     FrameTransformMatrix {
      0.136270,-0.000000,-0.990672,0.000000,-0.000000,1.000000,0.000000,0.000000,0.990672,-0.000000,0.136270,0.000000,23.311294,0.000002,-0.000008,1.000000;;
     }

     Frame L_Hand {
      

      FrameTransformMatrix {
       0.763978,0.538935,0.354805,0.000000,-0.556889,0.272998,0.784441,0.000000,0.325901,-0.796883,0.508691,0.000000,27.334435,0.000002,0.000008,1.000000;;
      }

      Frame L_Weapon_Bone {
       

       FrameTransformMatrix {
        1.000000,0.000000,0.000000,0.000000,-0.000000,1.000000,0.000000,0.000000,0.000000,0.000000,1.000000,0.000000,7.124726,0.000000,4.273215,1.000000;;
       }
      }

      Frame L_finger0 {
       

       FrameTransformMatrix {
        -0.029604,-0.404220,0.914183,0.000000,0.827718,-0.522638,-0.204288,0.000000,0.560364,0.750637,0.350052,0.000000,1.488174,-3.837372,0.905645,1.000000;;
       }

       Frame L_finger01 {
        

        FrameTransformMatrix {
         0.867217,0.155326,0.473085,0.000000,-0.031829,0.965450,-0.258637,0.000000,-0.496913,0.209236,0.842198,0.000000,3.329361,-0.000015,0.000008,1.000000;;
        }

        Frame L_finger02 {
         

         FrameTransformMatrix {
          0.708632,0.000000,0.705579,0.000000,-0.000000,1.000000,-0.000000,0.000000,-0.705579,0.000000,0.708632,0.000000,3.806671,0.000000,-0.000004,1.000000;;
         }
        }
       }
      }

      Frame L_finger1 {
       

       FrameTransformMatrix {
        0.942199,0.017683,0.334587,0.000000,-0.002082,0.998896,-0.046929,0.000000,-0.335047,0.043520,0.941196,0.000000,9.064392,-4.019958,0.027996,1.000000;;
       }

       Frame L_finger11 {
        

        FrameTransformMatrix {
         0.674469,-0.000000,0.738304,0.000000,-0.000000,1.000000,0.000000,0.000000,-0.738304,-0.000000,0.674469,0.000000,4.441925,0.000000,0.000000,1.000000;;
        }

        Frame L_finger12 {
         

         FrameTransformMatrix {
          0.758320,0.000000,0.651882,0.000000,0.000000,1.000000,0.000000,0.000000,-0.651882,0.000000,0.758320,0.000000,2.988949,0.000000,0.000000,1.000000;;
         }
        }
       }
      }

      Frame L_finger2 {
       

       FrameTransformMatrix {
        0.941569,0.006470,0.336759,0.000000,-0.019661,0.999167,0.035776,0.000000,-0.336247,-0.040307,0.940911,0.000000,8.795486,-1.140213,-0.332145,1.000000;;
       }

       Frame L_finger21 {
        

        FrameTransformMatrix {
         0.609518,0.000000,0.792772,0.000000,-0.000000,1.000000,-0.000000,0.000000,-0.792772,0.000000,0.609518,0.000000,4.804787,0.000000,0.000008,1.000000;;
        }

        Frame L_finger22 {
         

         FrameTransformMatrix {
          0.824175,0.000000,0.566335,0.000000,0.000000,1.000000,-0.000000,0.000000,-0.566335,0.000000,0.824175,0.000000,3.487106,0.000015,0.000000,1.000000;;
         }
        }
       }
      }

      Frame L_finger3 {
       

       FrameTransformMatrix {
        0.920341,0.034806,0.389565,0.000000,-0.075645,0.993066,0.089985,0.000000,-0.383731,-0.112286,0.916593,0.000000,8.757233,1.234825,-0.233933,1.000000;;
       }

       Frame L_finger31 {
        

        FrameTransformMatrix {
         0.688853,0.000000,0.724901,0.000000,0.000000,1.000000,-0.000000,0.000000,-0.724901,0.000000,0.688853,0.000000,4.218418,0.000015,0.000000,1.000000;;
        }

        Frame L_finger32 {
         

         FrameTransformMatrix {
          0.840044,0.000000,0.542518,0.000000,0.000000,1.000000,-0.000000,0.000000,-0.542518,0.000000,0.840044,0.000000,2.988943,0.000031,0.000000,1.000000;;
         }
        }
       }
      }

      Frame L_finger4 {
       

       FrameTransformMatrix {
        0.921810,0.039577,0.385617,0.000000,-0.157164,0.947504,0.278453,0.000000,-0.354353,-0.317286,0.879638,0.000000,8.607063,3.745338,0.457527,1.000000;;
       }

       Frame L_finger41 {
        

        FrameTransformMatrix {
         0.866813,0.000000,0.498634,0.000000,0.000000,1.000000,0.000000,0.000000,-0.498634,0.000000,0.866813,0.000000,3.489517,0.000000,0.000002,1.000000;;
        }

        Frame L_finger42 {
         

         FrameTransformMatrix {
          0.971589,0.000000,0.236674,0.000000,-0.000000,1.000000,0.000000,0.000000,-0.236674,-0.000000,0.971589,0.000000,1.549332,0.000000,0.000004,1.000000;;
         }
        }
       }
      }
     }

     Frame L_Forearm_Twist {
      

      FrameTransformMatrix {
       1.000000,0.000001,0.000009,0.000000,0.000001,0.975174,-0.221440,0.000000,-0.000009,0.221440,0.975174,0.000000,13.667213,0.000000,0.000008,1.000000;;
      }
     }
    }
   }
  }

  Frame R_Clav {
   

   FrameTransformMatrix {
    0.100052,-0.637914,-0.763581,0.000000,-0.994982,-0.064130,-0.076797,0.000000,0.000022,0.767433,-0.641129,0.000000,15.871781,-2.207570,-5.682185,1.000000;;
   }

   Frame R_Upperarm {
    

    FrameTransformMatrix {
     0.085853,0.206151,-0.974747,0.000000,-0.297498,0.939029,0.172394,0.000000,0.950854,0.275185,0.141948,0.000000,15.954408,0.000000,0.000001,1.000000;;
    }

    Frame R_Forearm {
     

     FrameTransformMatrix {
      0.189381,0.000000,-0.981904,0.000000,0.000000,1.000000,-0.000000,0.000000,0.981904,-0.000000,0.189381,0.000000,23.311298,0.000000,-0.000004,1.000000;;
     }

     Frame R_Hand {
      

      FrameTransformMatrix {
       0.982473,0.040470,0.181957,0.000000,0.100185,-0.937815,-0.332364,0.000000,0.157191,0.344769,-0.925433,0.000000,27.334422,0.000000,0.000004,1.000000;;
      }

      Frame R_Weapon_Bone {
       

       FrameTransformMatrix {
        0.989583,-0.026299,-0.141540,0.000000,0.016562,0.997442,-0.069534,0.000000,0.143007,0.066465,0.987488,0.000000,15.160162,3.038544,2.358189,1.000000;;
       }
      }

      Frame R_finger0 {
       

       FrameTransformMatrix {
        0.526506,0.219143,0.821442,0.000000,-0.469591,-0.730483,0.495863,0.000000,0.708715,-0.646816,-0.281696,0.000000,1.488161,3.837372,0.905644,1.000000;;
       }

       Frame R_finger01 {
        

        FrameTransformMatrix {
         0.939276,0.043338,0.340415,0.000000,-0.051396,0.998570,0.014684,0.000000,-0.339292,-0.031288,0.940161,0.000000,3.329357,-0.000015,-0.000004,1.000000;;
        }

        Frame R_finger02 {
         

         FrameTransformMatrix {
          0.776440,0.000000,0.630192,0.000000,-0.000000,1.000000,0.000000,0.000000,-0.630192,0.000000,0.776440,0.000000,3.806671,0.000000,0.000004,1.000000;;
         }
        }
       }
      }

      Frame R_finger1 {
       

       FrameTransformMatrix {
        0.997285,0.001376,-0.073623,0.000000,-0.009842,0.993345,-0.114755,0.000000,0.072975,0.115168,0.990662,0.000000,9.064382,4.019943,0.027996,1.000000;;
       }

       Frame R_finger11 {
        

        FrameTransformMatrix {
         0.715335,-0.000000,0.698782,0.000000,0.000000,1.000000,-0.000000,0.000000,-0.698782,-0.000000,0.715335,0.000000,4.441936,0.000015,0.000000,1.000000;;
        }

        Frame R_finger12 {
         

         FrameTransformMatrix {
          0.597998,-0.000000,0.801498,0.000000,0.000000,1.000000,0.000000,0.000000,-0.801498,-0.000000,0.597998,0.000000,2.988945,-0.000015,0.000004,1.000000;;
         }
        }
       }
      }

      Frame R_finger2 {
       

       FrameTransformMatrix {
        0.738485,-0.207618,0.641510,0.000000,0.151989,0.978185,0.141615,0.000000,-0.656916,-0.007078,0.753930,0.000000,8.795466,1.140228,-0.332142,1.000000;;
       }

       Frame R_finger21 {
        

        FrameTransformMatrix {
         0.389203,-0.000000,0.921152,0.000000,0.000000,1.000000,0.000000,0.000000,-0.921152,0.000000,0.389203,0.000000,4.804798,0.000000,0.000008,1.000000;;
        }

        Frame R_finger22 {
         

         FrameTransformMatrix {
          0.605858,-0.000000,0.795573,0.000000,0.000000,1.000000,0.000000,0.000000,-0.795573,0.000000,0.605858,0.000000,3.487099,0.000015,0.000000,1.000000;;
         }
        }
       }
      }

      Frame R_finger3 {
       

       FrameTransformMatrix {
        0.723550,-0.174772,0.667780,0.000000,0.180488,0.981661,0.061360,0.000000,-0.666258,0.076130,0.741826,0.000000,8.757219,-1.234818,-0.233929,1.000000;;
       }

       Frame R_finger31 {
        

        FrameTransformMatrix {
         0.558656,-0.000000,0.829400,0.000000,0.000000,1.000000,-0.000000,0.000000,-0.829400,0.000000,0.558656,0.000000,4.218401,0.000000,-0.000004,1.000000;;
        }

        Frame R_finger32 {
         

         FrameTransformMatrix {
          0.714258,0.000000,0.699882,0.000000,-0.000000,1.000000,0.000000,0.000000,-0.699882,0.000000,0.714258,0.000000,2.988945,0.000000,0.000000,1.000000;;
         }
        }
       }
      }

      Frame R_finger4 {
       

       FrameTransformMatrix {
        0.643367,-0.139759,0.752693,0.000000,0.318925,0.942746,-0.097555,0.000000,-0.695964,0.302816,0.651104,0.000000,8.607048,-3.745346,0.457535,1.000000;;
       }

       Frame R_finger41 {
        

        FrameTransformMatrix {
         0.752255,-0.000000,0.658872,0.000000,-0.000000,1.000000,0.000000,0.000000,-0.658872,0.000000,0.752255,0.000000,3.489527,0.000000,0.000004,1.000000;;
        }

        Frame R_finger42 {
         

         FrameTransformMatrix {
          0.834248,0.000000,0.551390,0.000000,0.000000,1.000000,0.000000,0.000000,-0.551390,-0.000000,0.834248,0.000000,1.549330,0.000000,-0.000002,1.000000;;
         }
        }
       }
      }
     }

     Frame R_Forearm_Twist {
      

      FrameTransformMatrix {
       1.000000,0.000013,0.000030,0.000000,0.000013,0.682147,-0.731215,0.000000,-0.000030,0.731215,0.682147,0.000000,13.667216,-0.000031,0.000000,1.000000;;
      }
     }
    }
   }
  }
 }
}

Frame Hands_Mechromancer {
 

 FrameTransformMatrix {
  1.000000,0.000000,0.000000,0.000000,0.000000,1.000000,0.000000,0.000000,0.000000,0.000000,1.000000,0.000000,0.000000,0.000000,0.000000,1.000000;;
 }

 Mesh Hands_Mechromancer {
  5919;
  6.431624;88.595674;-43.060685;,
  6.448664;89.700493;-42.783104;,
  6.448664;89.700493;-42.783104;,
  -1.855326;104.808237;-42.169808;,
  1.197336;105.707904;-40.407536;,
  0.192945;104.734266;-40.252349;,
  -0.512884;105.967539;-42.679965;,
  -6.745146;102.820602;-40.794317;,
  -5.104452;104.514842;-43.380256;,
  -4.645687;103.898771;-42.632499;,
  -2.839640;105.554886;-43.672480;,
  -2.839640;105.554886;-43.672480;,
  -1.622616;110.535437;-41.571475;,
  0.350405;109.816397;-39.168176;,
  0.932987;104.816282;-37.713158;,
  0.192945;104.734266;-40.252349;,
  -0.283907;103.802675;-38.125686;,
  0.360813;108.308634;-36.152339;,
  -6.631327;102.506189;-38.386630;,
  -8.021586;102.717696;-39.925514;,
  -7.009506;103.539763;-42.037946;,
  -8.021586;102.717696;-39.925514;,
  -7.267950;109.005350;-42.671837;,
  -4.343050;110.153062;-42.942026;,
  -3.468651;110.374643;-40.536544;,
  -0.767698;110.079526;-38.375731;,
  -7.183807;109.189542;-40.930794;,
  -9.409355;107.265760;-40.909040;,
  -9.131811;107.286797;-38.853744;,
  -10.259966;105.786675;-38.412630;,
  -9.615995;105.141786;-35.710653;,
  -7.675707;102.253888;-37.290784;,
  -6.250872;102.320832;-35.932099;,
  -4.600168;102.662906;-37.006157;,
  -7.732202;104.988192;-33.828797;,
  -8.621500;106.336928;-35.700989;,
  -6.371088;106.561427;-34.383574;,
  -1.386314;108.674022;-35.759133;,
  -1.065786;107.211424;-34.436272;,
  -0.336021;103.879315;-36.295040;,
  -2.385649;103.100019;-35.128915;,
  -2.151140;103.158701;-37.153971;,
  -4.406769;102.575360;-35.022627;,
  -4.600168;102.662906;-37.006157;,
  -3.201462;106.228563;-33.340291;,
  -5.568405;105.400742;-33.217466;,
  -6.250872;102.320832;-35.932099;,
  -7.732202;104.988192;-33.828797;,
  -6.371088;106.561427;-34.383574;,
  -3.861099;107.313818;-34.460842;,
  -3.201462;106.228563;-33.340291;,
  -6.877079;110.156954;-31.953683;,
  -8.621500;106.336928;-35.700989;,
  -6.371088;106.561427;-34.383574;,
  -9.690172;110.022848;-33.562275;,
  -9.131811;107.286797;-38.853744;,
  -7.307509;113.630950;-30.147878;,
  -7.678976;116.665523;-29.320739;,
  -10.258578;113.648371;-31.767498;,
  -10.412870;111.338330;-36.773965;,
  -7.183807;109.189542;-40.930794;,
  -8.080759;113.130010;-39.332688;,
  -3.468651;110.374643;-40.536544;,
  -11.030665;114.980570;-34.973395;,
  -10.338694;116.140109;-30.807872;,
  -7.967562;118.682982;-28.621216;,
  -8.062460;120.621210;-27.446317;,
  -10.571276;118.344896;-29.937482;,
  -11.589300;117.351322;-33.868374;,
  -8.682974;116.725248;-37.399072;,
  -4.024324;114.190310;-39.139066;,
  -0.767698;110.079526;-38.375731;,
  -10.714804;120.648653;-28.797027;,
  -11.474046;119.499136;-32.646669;,
  -9.131678;119.213901;-35.770096;,
  -4.716322;117.652902;-37.568029;,
  -1.220423;113.843699;-36.633542;,
  -1.386314;108.674022;-35.759133;,
  -2.159313;117.115891;-35.048669;,
  -1.881260;112.380800;-33.883709;,
  -5.456371;120.467840;-35.829478;,
  -9.425249;121.015910;-34.167968;,
  -11.445192;121.872768;-31.372672;,
  -12.105162;126.830938;-28.965462;,
  -10.968706;125.633024;-26.186058;,
  -5.982142;122.038387;-34.111786;,
  -9.718386;123.243763;-33.207645;,
  -6.689612;123.791667;-32.934819;,
  -3.470011;121.891507;-29.476499;,
  -3.495745;121.499149;-32.700371;,
  -4.349037;123.060211;-31.759430;,
  -4.302765;128.979456;-29.265146;,
  -7.170818;129.123507;-30.875107;,
  -10.331808;128.396506;-31.046557;,
  -10.931994;134.970701;-27.865117;,
  -7.705030;135.638144;-27.843392;,
  -2.942293;127.860083;-26.633530;,
  -4.753332;135.331034;-26.360595;,
  -3.178411;134.099930;-23.811824;,
  -4.302765;128.979456;-29.265146;,
  -4.452967;139.860595;-24.871454;,
  -3.387856;138.206976;-21.914928;,
  -7.665037;140.466893;-26.391957;,
  -3.994966;143.711194;-23.240090;,
  -2.641127;141.222387;-20.658552;,
  -2.441261;143.760141;-17.763458;,
  -4.333239;141.038682;-17.157611;,
  -2.171913;143.513216;-19.665406;,
  -4.588444;138.604403;-17.900248;,
  -4.570692;136.260813;-19.021877;,
  -4.695875;132.395661;-21.437654;,
  -4.889521;126.311603;-24.716123;,
  -5.319595;121.091008;-27.752326;,
  -7.678976;116.665523;-29.320739;,
  -5.432962;119.199808;-29.034755;,
  -7.967562;118.682982;-28.621216;,
  -8.062460;120.621210;-27.446317;,
  -8.062029;125.555827;-24.737562;,
  -8.000099;131.687642;-21.428715;,
  -7.885864;135.530150;-18.933928;,
  -7.997635;137.725850;-17.751522;,
  -3.812399;120.099878;-30.304794;,
  -5.238335;117.725018;-29.680410;,
  -3.914085;118.722317;-31.149597;,
  -4.130428;114.642227;-30.675210;,
  -2.776518;115.756762;-32.405693;,
  -3.842230;111.076467;-32.297037;,
  -3.861099;107.313818;-34.460842;,
  -6.371088;106.561427;-34.383574;,
  -6.877079;110.156954;-31.953683;,
  -7.307509;113.630950;-30.147878;,
  -13.156374;141.377869;-22.562942;,
  -10.989774;136.088666;-21.040672;,
  -11.302645;138.787942;-20.087624;,
  -13.295271;143.959654;-21.404570;,
  -11.707388;146.564608;-22.409189;,
  -11.490335;141.185139;-19.138802;,
  -9.380403;147.804301;-22.764496;,
  -11.197279;143.987853;-24.425597;,
  -12.570642;137.753510;-23.700224;,
  -11.016042;132.003482;-22.982011;,
  -11.608438;142.042829;-18.400640;,
  -12.873064;143.357504;-19.698752;,
  -8.281202;141.389773;-16.808515;,
  -8.124128;139.867661;-17.090678;,
  -7.997635;137.725850;-17.751522;,
  -7.885864;135.530150;-18.933928;,
  -8.000099;131.687642;-21.428715;,
  -8.062029;125.555827;-24.737562;,
  -7.448824;144.774003;-24.572854;,
  -6.600353;147.961984;-22.573082;,
  -11.255457;139.759642;-26.220054;,
  -12.353246;133.326477;-25.657848;,
  -3.823604;146.692019;-21.651717;,
  -8.124128;139.867661;-17.090678;,
  -3.779108;142.611059;-15.689179;,
  -2.343462;144.411942;-16.125088;,
  -2.300007;145.939853;-18.244933;,
  -3.390993;148.764032;-19.167702;,
  -8.281202;141.389773;-16.808515;,
  -6.605898;150.817165;-18.040235;,
  -3.352341;149.329306;-17.674923;,
  -2.268827;146.775386;-16.752240;,
  -6.495308;149.961382;-20.031586;,
  -9.732027;149.682202;-20.556842;,
  -12.160178;148.043379;-20.579418;,
  -13.598608;145.311885;-20.121693;,
  -13.417422;143.683354;-18.728355;,
  -13.845496;146.105088;-18.819178;,
  -12.395044;149.144896;-18.552395;,
  -10.065977;150.690573;-18.578667;,
  -1.148804;95.846438;-52.326694;,
  -3.108887;98.880922;-50.044867;,
  -0.989943;97.878067;-53.015366;,
  -3.272089;96.772794;-49.391466;,
  1.869095;95.628934;-50.006179;,
  -3.272089;96.772794;-49.391466;,
  -0.241171;96.534061;-47.134138;,
  5.558914;96.138022;-47.327376;,
  3.352203;97.036659;-44.436746;,
  8.572101;97.247770;-45.374493;,
  6.479704;98.193331;-42.402637;,
  -3.200548;120.063782;-33.509117;,
  3.489296;99.775354;-39.762346;,
  1.083296;101.032954;-38.077763;,
  3.084459;100.280275;-40.295802;,
  1.722136;101.234931;-37.269734;,
  3.756140;100.006093;-39.651101;,
  3.927271;100.437114;-39.699517;,
  1.474642;100.800806;-37.279046;,
  1.205240;100.579558;-37.497062;,
  0.049149;100.817850;-36.680659;,
  -0.052938;101.258726;-37.308259;,
  -1.426662;100.964064;-36.211725;,
  -1.499926;101.409363;-36.877338;,
  0.331564;101.901050;-36.676118;,
  1.730232;101.582893;-37.531459;,
  0.384548;101.544723;-36.370346;,
  0.235186;101.081824;-36.415955;,
  -1.378729;101.266573;-35.936112;,
  -1.341467;101.763610;-35.889584;,
  -1.332203;102.090400;-36.195750;,
  -1.361431;102.154074;-36.603328;,
  0.176277;101.991187;-37.079654;,
  -1.499926;101.409363;-36.877338;,
  -0.052938;101.258726;-37.308259;,
  1.579464;101.720326;-37.862586;,
  1.083296;101.032954;-38.077763;,
  3.084459;100.280275;-40.295802;,
  3.594566;100.944954;-40.172637;,
  3.838541;100.799878;-39.920963;,
  -5.346144;101.019494;-38.605770;,
  -6.540491;100.181261;-39.524650;,
  -6.072607;100.723014;-39.974832;,
  -5.979998;100.804045;-37.875053;,
  -5.720461;100.568794;-37.986976;,
  -4.179047;101.284627;-37.477274;,
  -4.511627;100.855546;-36.860074;,
  -2.847050;101.414227;-36.931606;,
  -3.000393;100.974234;-36.304589;,
  -1.499926;101.409363;-36.877338;,
  -1.426662;100.964064;-36.211725;,
  -3.049852;101.266035;-36.025312;,
  -1.378729;101.266573;-35.936112;,
  -4.659750;101.117325;-36.654637;,
  -4.714838;101.560723;-36.617840;,
  -6.144707;101.228838;-37.927642;,
  -4.585816;101.934509;-36.843747;,
  -4.179047;101.284627;-37.477274;,
  -2.918121;102.161914;-36.665206;,
  -2.847050;101.414227;-36.931606;,
  -4.385572;102.052659;-37.165402;,
  -2.995665;102.090752;-36.261357;,
  -3.051682;101.752691;-35.963405;,
  -1.341467;101.763610;-35.889584;,
  -1.332203;102.090400;-36.195750;,
  -1.361431;102.154074;-36.603328;,
  -1.499926;101.409363;-36.877338;,
  3.807608;100.512435;-45.371338;,
  6.479704;98.193331;-42.402637;,
  6.647315;100.260410;-43.041206;,
  3.352203;97.036659;-44.436746;,
  0.170851;99.974835;-48.025776;,
  -0.241171;96.534061;-47.134138;,
  -3.272089;96.772794;-49.391466;,
  -3.108887;98.880922;-50.044867;,
  8.768438;99.323936;-46.070454;,
  6.479704;98.193331;-42.402637;,
  8.572101;97.247770;-45.374493;,
  6.647315;100.260410;-43.041206;,
  3.807608;100.512435;-45.371338;,
  5.986143;99.574458;-48.208989;,
  0.170851;99.974835;-48.025776;,
  2.435579;98.996781;-50.863174;,
  -3.108887;98.880922;-50.044867;,
  -0.989943;97.878067;-53.015366;,
  -0.989943;97.878067;-53.015366;,
  1.869095;95.628934;-50.006179;,
  -1.148804;95.846438;-52.326694;,
  2.435579;98.996781;-50.863174;,
  5.986143;99.574458;-48.208989;,
  5.558914;96.138022;-47.327376;,
  8.572101;97.247770;-45.374493;,
  8.768438;99.323936;-46.070454;,
  -7.231482;99.927526;-41.136694;,
  -6.670566;99.367558;-42.486797;,
  -6.848845;99.775795;-41.059920;,
  -7.057122;99.491533;-42.603542;,
  -7.470509;100.323526;-41.301578;,
  -7.308828;99.872653;-42.798915;,
  -7.187387;100.240576;-42.928810;,
  -5.908575;98.955264;-45.586848;,
  -5.689497;98.584685;-45.393898;,
  -5.354002;98.477280;-45.192890;,
  -4.929636;99.224013;-45.076435;,
  -6.168120;100.039962;-42.655971;,
  -6.327928;100.363578;-41.341194;,
  -6.072607;100.723014;-39.974832;,
  -5.761385;99.404288;-45.624262;,
  -6.862320;100.466202;-42.963949;,
  -5.417330;99.677274;-45.505766;,
  -6.540491;100.181261;-39.524650;,
  -6.891909;100.362464;-39.527728;,
  -7.118296;100.765235;-39.661731;,
  -7.334520;100.703750;-41.404150;,
  -6.997965;100.913498;-41.451882;,
  -6.168120;100.039962;-42.655971;,
  -4.929636;99.224013;-45.076435;,
  -6.327928;100.363578;-41.341194;,
  -6.670618;101.321792;-39.953558;,
  -6.072607;100.723014;-39.974832;,
  -6.988989;101.138611;-39.817059;,
  -5.789806;101.736602;-38.376339;,
  -6.988989;101.138611;-39.817059;,
  -6.037321;101.593786;-38.129373;,
  -6.670618;101.321792;-39.953558;,
  -6.072607;100.723014;-39.974832;,
  -5.346144;101.019494;-38.605770;,
  -7.118296;100.765235;-39.661731;,
  -6.891909;100.362464;-39.527728;,
  -5.354002;98.477280;-45.192890;,
  -1.680208;97.798598;-49.439418;,
  -4.929636;99.224013;-45.076435;,
  -2.135159;97.042586;-49.549178;,
  -2.422243;97.158797;-49.814861;,
  -5.689497;98.584685;-45.393898;,
  -2.580297;97.538810;-50.070102;,
  -5.908575;98.955264;-45.586848;,
  -2.411867;97.974803;-50.094877;,
  -5.761385;99.404288;-45.624262;,
  -5.417330;99.677274;-45.505766;,
  -2.084139;98.235789;-49.929766;,
  -4.929636;99.224013;-45.076435;,
  -1.680208;97.798598;-49.439418;,
  -4.897642;93.206125;-45.473405;,
  -3.628101;91.493203;-47.446758;,
  -5.028181;90.867776;-46.405568;,
  -3.047911;91.365882;-46.778861;,
  -4.250074;90.850861;-45.925626;,
  -4.753218;90.457459;-44.667709;,
  -5.604389;90.365920;-44.886749;,
  -5.498680;92.773741;-44.099763;,
  -5.409700;95.200058;-43.455216;,
  -5.511709;97.807462;-44.237130;,
  -6.918505;98.963750;-42.273830;,
  -6.420404;99.927750;-43.899382;,
  -6.099268;97.188704;-42.926445;,
  -4.906328;95.615571;-44.669987;,
  -3.481825;93.748019;-46.450406;,
  -1.470331;92.173434;-48.227872;,
  -1.167477;91.923226;-47.415238;,
  -1.618063;94.385786;-47.245994;,
  0.914228;92.711290;-47.974797;,
  -3.646671;96.113382;-45.575178;,
  0.892008;92.375878;-47.163517;,
  3.021730;93.144979;-47.276170;,
  0.410278;94.897683;-47.150515;,
  -1.972643;96.696851;-46.390058;,
  -4.122255;98.480230;-45.184806;,
  2.760569;92.777792;-46.525645;,
  4.213879;93.047066;-45.183290;,
  -0.134817;97.133491;-46.393334;,
  2.223942;95.230822;-46.532646;,
  -2.469999;99.204550;-45.982150;,
  -4.948345;100.933926;-45.057350;,
  -4.387163;100.916269;-44.368461;,
  -5.899061;100.107994;-43.337658;,
  -6.463007;99.338406;-41.918368;,
  1.550240;97.402464;-45.836928;,
  -1.184851;101.959142;-44.915165;,
  -3.174101;101.822925;-45.808854;,
  -2.867176;101.608736;-44.997491;,
  -1.144815;102.261869;-45.700362;,
  -0.645012;99.656531;-45.997773;,
  1.074333;99.780838;-45.439178;,
  2.503317;99.588806;-44.194400;,
  2.919634;97.456499;-44.583187;,
  2.113783;101.767392;-43.808621;,
  0.638271;102.224787;-45.082173;,
  4.845423;95.530477;-43.583645;,
  4.011667;97.463571;-43.201302;,
  3.695284;99.389779;-42.818605;,
  3.386290;101.318496;-42.395379;,
  1.540148;101.537466;-43.295046;,
  0.301605;101.910528;-44.380589;,
  2.658611;101.201760;-42.103760;,
  3.044451;100.705760;-40.793379;,
  3.802393;100.665850;-40.833184;,
  4.075979;98.965754;-41.287744;,
  4.316799;97.222176;-41.669117;,
  3.651487;98.371149;-39.883514;,
  3.880940;96.777939;-40.328416;,
  2.451231;97.690618;-38.869427;,
  2.097086;99.129638;-38.348058;,
  3.361936;99.905990;-39.402336;,
  2.665279;100.126182;-39.648662;,
  1.608202;99.524416;-38.802480;,
  3.361936;99.905990;-39.402336;,
  0.516211;98.361670;-37.663325;,
  0.885479;96.948275;-38.203523;,
  -0.945196;96.445267;-38.270678;,
  -1.369026;97.873664;-37.627718;,
  -1.156792;98.567597;-38.211370;,
  0.343906;98.950400;-38.266816;,
  2.740690;96.190490;-39.375334;,
  1.222475;95.487168;-38.711283;,
  -0.491430;94.974291;-38.840250;,
  1.708532;93.498477;-38.627917;,
  -0.168936;92.840032;-38.839050;,
  3.374548;94.319795;-39.291062;,
  4.625576;94.964890;-40.324458;,
  5.128594;95.390259;-41.813853;,
  3.669741;95.378669;-45.184445;,
  5.858887;93.624896;-43.957933;,
  6.070728;93.520762;-41.939261;,
  5.531508;93.137965;-40.335715;,
  4.239983;92.495635;-39.230611;,
  4.656830;93.402778;-45.769824;,
  5.471748;93.236186;-41.927354;,
  5.002167;92.958733;-40.609405;,
  5.271574;93.277747;-43.641133;,
  2.316481;91.509690;-38.468909;,
  0.154524;90.679136;-38.751952;,
  0.429716;90.981261;-39.367162;,
  2.261816;91.670688;-39.105088;,
  3.901258;92.461267;-39.707821;,
  3.084459;100.280275;-40.295802;,
  6.356202;99.690893;-43.931786;,
  5.949814;99.012870;-44.071277;,
  3.594566;100.944954;-40.172637;,
  6.627788;99.562502;-43.671552;,
  3.838541;100.799878;-39.920963;,
  6.759949;99.196083;-43.453830;,
  3.927271;100.437114;-39.699517;,
  6.611327;98.731949;-43.428531;,
  3.756140;100.006093;-39.651101;,
  3.489296;99.775354;-39.762346;,
  6.350037;98.479994;-43.562656;,
  3.084459;100.280275;-40.295802;,
  5.949814;99.012870;-44.071277;,
  -2.750425;98.312922;-38.237789;,
  -1.369026;97.873664;-37.627718;,
  -1.156792;98.567597;-38.211370;,
  -2.176001;94.760467;-39.487843;,
  -0.945196;96.445267;-38.270678;,
  -2.740797;96.220256;-38.637008;,
  -3.197786;97.640742;-37.755526;,
  -4.156078;98.360659;-38.788512;,
  -4.755720;97.774726;-38.513219;,
  -5.856772;98.671117;-40.179350;,
  -6.414640;98.161222;-40.214867;,
  -6.463007;99.338406;-41.918368;,
  -6.918505;98.963750;-42.273830;,
  -3.619844;94.841491;-40.766208;,
  -6.099268;97.188704;-42.926445;,
  -5.693796;96.623904;-41.178426;,
  -5.409700;95.200058;-43.455216;,
  -4.929396;94.921094;-42.052147;,
  -4.254999;96.345126;-39.639366;,
  -0.491430;94.974291;-38.840250;,
  -2.124920;92.480352;-39.566115;,
  -3.764925;92.467322;-41.021046;,
  -5.088837;92.500026;-42.496086;,
  -5.498680;92.773741;-44.099763;,
  -5.286730;90.125274;-43.091066;,
  -5.604389;90.365920;-44.886749;,
  -0.168936;92.840032;-38.839050;,
  0.154524;90.679136;-38.751952;,
  -2.152956;90.226112;-39.649936;,
  -4.028715;90.171091;-41.435238;,
  -4.753218;90.457459;-44.667709;,
  -4.455488;90.322432;-43.103766;,
  -3.318491;90.442918;-41.667046;,
  -1.632328;90.558982;-40.132515;,
  0.429716;90.981261;-39.367162;,
  -2.896650;88.934387;-48.585386;,
  -4.290701;89.729210;-47.673066;,
  -2.793947;89.411142;-48.596778;,
  -1.260269;88.719155;-49.312192;,
  -4.992576;90.505926;-46.252842;,
  -5.372530;90.222029;-46.359763;,
  -4.439413;89.262176;-47.629683;,
  -2.782022;88.582080;-48.217629;,
  -1.197256;88.372224;-48.920186;,
  -2.578188;88.535059;-47.811597;,
  -1.086647;88.340640;-48.468054;,
  -4.273249;88.899706;-47.294944;,
  -5.350496;89.390886;-45.984109;,
  -5.554232;89.770432;-46.272960;,
  -2.267832;89.362374;-47.574435;,
  -3.978903;88.830477;-46.949248;,
  -4.990824;89.288749;-45.721267;,
  -6.149016;89.945946;-44.531686;,
  -6.381147;90.346003;-44.771408;,
  -6.174742;90.779910;-44.903206;,
  -5.741802;91.025267;-44.888566;,
  -3.525080;89.628051;-46.805936;,
  -4.433392;90.037939;-45.707565;,
  -5.739992;89.807418;-44.356518;,
  -5.106489;90.501030;-44.479421;,
  -5.261160;91.013875;-43.117821;,
  -5.912903;90.381690;-42.844666;,
  -6.333761;90.559904;-42.923827;,
  -6.573610;90.982048;-43.108893;,
  -6.361820;91.397235;-43.289840;,
  -5.915266;91.600486;-43.377286;,
  -5.261160;91.013875;-43.117821;,
  -5.106489;90.501030;-44.479421;,
  -4.433392;90.037939;-45.707565;,
  -3.981459;90.047366;-47.479866;,
  -2.582058;89.751776;-48.342144;,
  -1.205753;89.201978;-49.298656;,
  0.529179;89.569184;-49.179088;,
  0.523289;89.212493;-49.490845;,
  -1.092344;89.557312;-48.999238;,
  -2.267832;89.362374;-47.574435;,
  -3.525080;89.628051;-46.805936;,
  0.541426;89.195475;-48.316374;,
  -0.922152;89.185805;-48.160278;,
  0.521915;88.729882;-49.512675;,
  0.528589;88.381638;-49.113418;,
  0.536615;88.352570;-48.646394;,
  0.541426;89.195475;-48.316374;,
  -0.922152;89.185805;-48.160278;,
  -0.406500;73.919693;-43.095104;,
  -0.688189;73.981344;-42.649894;,
  -0.695854;73.856538;-43.119770;,
  -0.411474;74.031392;-42.658851;,
  -0.156494;74.160928;-43.013702;,
  -0.285765;74.605338;-43.632781;,
  -0.721979;74.549677;-43.615594;,
  -1.060778;73.969965;-43.030384;,
  -1.001703;74.063085;-42.583021;,
  -1.304167;74.304666;-42.874330;,
  -1.324534;74.418208;-42.525386;,
  -1.464312;75.215014;-42.856438;,
  -1.373629;74.872998;-43.336630;,
  -1.118925;74.654944;-43.544813;,
  -1.402857;76.033894;-43.793094;,
  -1.114782;75.826720;-44.061379;,
  -0.659859;75.728902;-44.168906;,
  -1.496319;76.395373;-43.262742;,
  -1.441179;77.589574;-43.665584;,
  -1.266569;76.685965;-42.751523;,
  -1.223639;77.872928;-43.201430;,
  -1.257504;75.482086;-42.381638;,
  -1.163618;74.594938;-42.252397;,
  -0.947262;74.453062;-42.226611;,
  -0.654100;74.428122;-42.268774;,
  -0.342360;74.420243;-42.327850;,
  -0.046743;74.311622;-42.723635;,
  0.060568;74.792678;-43.475117;,
  -0.167845;75.744576;-44.183162;,
  -0.556103;76.952928;-44.643021;,
  -0.090567;74.538246;-42.450054;,
  0.251564;75.004832;-43.146579;,
  0.220703;75.890669;-43.992330;,
  -0.070024;76.929510;-44.665386;,
  -0.517984;77.529446;-44.901773;,
  -0.994350;77.608102;-44.754794;,
  -1.045185;77.046182;-44.494640;,
  -1.297953;77.747789;-44.431302;,
  -1.350109;77.244794;-44.173174;,
  -1.410748;77.964147;-43.877635;,
  -1.277781;78.185056;-44.580112;,
  -0.970247;78.098323;-44.919030;,
  -0.421549;78.963654;-45.218128;,
  -0.492788;78.005984;-45.066765;,
  -0.349895;79.920038;-45.373149;,
  -0.891159;80.592973;-45.399798;,
  -0.317476;80.516134;-45.587213;,
  -0.885801;79.990054;-45.173965;,
  -0.920675;79.045293;-45.045462;,
  -1.230499;79.184832;-44.667072;,
  -1.404451;78.228826;-43.960794;,
  -1.219076;78.194694;-43.311763;,
  -1.218288;80.183290;-44.757098;,
  -1.330885;79.405075;-44.036442;,
  -1.098906;79.574387;-43.471203;,
  -1.293987;80.530336;-44.159814;,
  -1.058779;80.965005;-43.589802;,
  -1.323519;80.840813;-44.272115;,
  -1.334536;81.268454;-44.259373;,
  -1.257689;81.179546;-44.956070;,
  -1.060213;81.338310;-43.634320;,
  -1.249876;80.712538;-44.942822;,
  -0.892065;81.109050;-45.422042;,
  -0.309515;81.067206;-45.611446;,
  0.549526;79.372109;-43.774346;,
  0.772556;80.337114;-44.542886;,
  0.725752;80.806298;-43.942928;,
  0.802156;80.646573;-44.630490;,
  0.896586;81.164979;-44.553338;,
  0.633324;81.091117;-45.220922;,
  0.587950;80.545920;-45.231638;,
  0.223902;81.060019;-45.554733;,
  0.195387;80.499712;-45.540150;,
  0.548206;80.004557;-45.080566;,
  0.154356;79.894950;-45.340755;,
  0.081064;78.932096;-45.234902;,
  0.465487;78.983328;-45.012413;,
  0.682268;79.165069;-44.416566;,
  0.008497;77.974630;-45.112701;,
  0.387123;77.968838;-44.921894;,
  0.585257;77.955571;-44.320435;,
  0.452866;77.933088;-43.583850;,
  0.409830;76.361082;-43.135795;,
  0.516928;77.282854;-44.000550;,
  0.425228;77.568826;-43.473507;,
  0.560045;77.699808;-44.234448;,
  0.305674;77.025485;-44.478160;,
  -0.020023;77.487533;-44.947549;,
  0.360027;77.531603;-44.768470;,
  0.434526;76.121382;-43.594733;,
  0.246182;75.208800;-42.758624;,
  2.564550;94.139354;-37.118230;,
  3.920816;94.019168;-38.352422;,
  2.444017;94.174918;-37.614742;,
  0.801727;94.122432;-37.407459;,
  0.800745;93.278093;-37.763542;,
  2.265503;93.323130;-37.948864;,
  3.581877;93.183136;-38.607130;,
  5.253227;93.757472;-39.347187;,
  5.576328;93.681837;-38.974458;,
  6.156206;93.311814;-40.703370;,
  6.542228;93.199898;-40.425312;,
  7.216954;92.638323;-41.965133;,
  6.730137;92.829600;-40.152234;,
  7.425566;92.249728;-41.739469;,
  4.771998;92.948154;-39.498669;,
  5.578613;92.550675;-40.713866;,
  6.790343;92.790298;-42.146474;,
  6.867399;92.172973;-43.684941;,
  7.297315;91.977037;-43.607626;,
  6.150104;92.086650;-42.012397;,
  6.221496;91.536269;-43.395965;,
  7.508142;91.567642;-43.433626;,
  7.277534;91.132730;-43.241037;,
  7.196783;91.791456;-41.602256;,
  6.859782;90.943277;-43.151414;,
  6.783034;91.559309;-41.613325;,
  6.221496;91.536269;-43.395965;,
  6.150104;92.086650;-42.012397;,
  5.578613;92.550675;-40.713866;,
  4.149933;93.967226;-37.910278;,
  5.732239;93.326234;-38.656429;,
  6.523596;92.352019;-40.067078;,
  6.151255;92.082208;-40.170762;,
  4.258936;93.619379;-37.560173;,
  5.560705;92.834112;-38.623856;,
  4.139069;93.120134;-37.566918;,
  5.252884;92.531930;-38.815254;,
  3.925293;92.798317;-37.820822;,
  2.560886;93.290778;-36.783210;,
  2.621899;93.795264;-36.744790;,
  2.450441;92.956166;-37.084515;,
  3.581877;93.183136;-38.607130;,
  4.771998;92.948154;-39.498669;,
  2.265503;93.323130;-37.948864;,
  0.800745;93.278093;-37.763542;,
  0.809114;92.903949;-36.877725;,
  0.806261;93.237088;-36.565171;,
  0.801825;93.739904;-36.516848;,
  0.801186;94.087181;-36.895584;,
  -6.160385;92.015181;-41.597568;,
  -4.947088;92.704794;-40.364429;,
  -5.727900;92.175898;-41.795354;,
  -5.915266;91.600486;-43.377286;,
  -6.361820;91.397235;-43.289840;,
  -5.261160;91.013875;-43.117821;,
  -5.094274;91.527117;-41.697350;,
  -4.394333;92.000678;-40.414653;,
  -3.894611;93.212454;-39.051968;,
  -3.443043;92.459341;-39.237382;,
  -2.122423;92.820877;-38.431571;,
  -4.204813;93.124102;-38.657664;,
  -2.432518;93.612282;-38.150970;,
  -5.324390;92.582054;-40.064602;,
  -6.362814;91.617216;-41.364070;,
  -6.573610;90.982048;-43.108893;,
  -6.333761;90.559904;-42.923827;,
  -6.129396;91.174310;-41.239152;,
  -5.912903;90.381690;-42.844666;,
  -4.942352;91.483635;-39.830771;,
  -5.724360;90.955731;-41.262115;,
  -5.292830;91.737882;-39.714115;,
  -4.175867;92.275872;-38.316659;,
  -4.345530;92.751744;-38.333181;,
  -5.497816;92.198304;-39.782832;,
  -5.261160;91.013875;-43.117821;,
  -5.094274;91.527117;-41.697350;,
  -4.394333;92.000678;-40.414653;,
  -3.889502;91.991181;-38.517552;,
  -2.427168;92.391686;-37.616810;,
  -2.625162;92.698694;-37.355616;,
  -3.443043;92.459341;-39.237382;,
  -2.122423;92.820877;-38.431571;,
  -1.046869;93.557235;-36.626227;,
  -2.744221;93.186246;-37.335014;,
  -2.647762;93.549472;-37.689731;,
  -0.996704;93.910810;-37.001197;,
  -0.883572;93.953485;-37.506710;,
  0.806261;93.237088;-36.565171;,
  0.801825;93.739904;-36.516848;,
  0.801186;94.087181;-36.895584;,
  0.801727;94.122432;-37.407459;,
  0.800745;93.278093;-37.763542;,
  -0.721743;93.127808;-37.852150;,
  -0.982328;93.059552;-36.671405;,
  -0.877249;92.734221;-36.974742;,
  -0.721743;93.127808;-37.852150;,
  0.800745;93.278093;-37.763542;,
  0.809114;92.903949;-36.877725;,
  2.128664;88.469146;-48.561882;,
  3.273539;89.578336;-47.728739;,
  1.967318;89.299552;-48.239533;,
  4.926620;89.179514;-47.175056;,
  5.349110;90.429862;-45.936486;,
  4.479235;89.942515;-46.999997;,
  3.586990;88.778682;-47.989478;,
  2.230518;88.503187;-49.023894;,
  5.891952;89.716461;-45.987699;,
  5.217668;89.255341;-47.539920;,
  3.789646;88.831072;-48.410736;,
  2.283426;88.855469;-49.419894;,
  3.897388;89.193299;-48.784538;,
  3.790176;89.663309;-48.786819;,
  5.374683;89.629485;-47.883283;,
  5.223818;90.089293;-47.915315;,
  6.246058;89.825402;-46.271187;,
  6.438919;90.216410;-46.570557;,
  2.228062;89.334611;-49.400461;,
  3.580480;89.995270;-48.524928;,
  2.121401;89.685427;-49.095821;,
  6.257449;90.661965;-46.645190;,
  5.374683;89.629485;-47.883283;,
  7.267151;90.873229;-45.090650;,
  7.045486;90.461459;-44.841782;,
  6.641788;90.314349;-44.650336;,
  7.297315;91.977037;-43.607626;,
  7.062281;91.301920;-45.212771;,
  7.508142;91.567642;-43.433626;,
  7.277534;91.132730;-43.241037;,
  6.859782;90.943277;-43.151414;,
  6.221496;91.536269;-43.395965;,
  6.024649;90.970714;-44.739562;,
  6.867399;92.172973;-43.684941;,
  6.647125;91.540442;-45.185584;,
  5.892977;90.938349;-46.523552;,
  5.349110;90.429862;-45.936486;,
  4.923941;90.398157;-47.711024;,
  4.479235;89.942515;-46.999997;,
